K=1, Precision 0.834651737615414, Recall 0.83304, FScore 0.8320466082683252
K=2, Precision 0.6489635219422795, Recall 0.6512, FScore 0.6323069912669674
K=3, Precision 0.4988213368623103, Recall 0.5136, FScore 0.47989735551548734
